-530546797
-1519870210
-1955432066
-1630256862
-1785898494
1501076645
1529303145
-2064862439
-92487009
-1824941116
-1131573810
-113295820
1028112725
-1491579736
-1337667552
-1620894551
1449603623
-492832626
-673099048
-604415537
1549534898
13070338
-1802576872
431222032
657808153
-1665890687
-1349156809
-1305360833
1309780073
1987571751
675509624
404813226
-260178400
-132016529
-1301180990
-2086837301
8843583
-1161441698
1576988611
717758270
-1554879613
-1048465172
1165093322
1151004521
1433669972
-716095412
1524649843
2140773353
-1482975925
-117409863
-901786557
-495278306
-957053481
1254428708
-244997119
-594619667
549020094
1518866211
-118151116
511295212
1235172840
-1514338948
1282928212
1130528489
1934998883
-2090201035
1601119656
-707175950
1893138496
1973808842
-622369147
1672245594
1290196075
-362495477
-268147860
-1588079837
21531450
1531565276
699539644
1778002832
263669789
-419908996
1419681870
1392782085
-1267092459
-175548352
-155038294
1567462091
672060261
1991531443
-689524260
585506493
1048999439
-697692412
747617652
1629170254
676340238
-1574105559
-1403151451
1082334059
-40391846
3566582
-339946694
-2072099514
355161686
1901045815
-1960602037
2079491149
665446648
-1202221243
322212144
-1662534295
-2040811760
-2029590402
-1225829052
-216851704
785261541
-2065913050
1779023813
1683543678
1597748342
-1828357244
851972870
-910693831
96538519
1754058037
-197140891
706008206
-199233692
1035780087
-592648815
223493173
1889345840
393378240
1336924104
1882829887
-819549789
396182405
1156211169
1698219307
-1784990427
707152717
-556520270
929202437
481705635
1483897416
151848727
-1818107444
-1814256353
1351909364
-363366778
1475607264
-1079657553
202569066
-730004345
1100517308
1694455856
2057549018
964840488
948124946
-1980388265
478719784
-1858842644
347369380
-231247660
2002159632
835277356
1208179971
-1339186167
-1332777110
-335761214
-653732574
930558101
-476962215
-1067762124
505512287
752831623
108580643
674136225
1631803188
-1664289188
395698647
-2140701667
2107944898
-1241611287
2060757769
-1595364754
-5026766
-517764169
1660692717
-111116719
2125426951
-820244663
913303174
-963062567
1366657328
-1870650346
-1436655328
-317680531
-464509180
664622087
-1257637990
-1746148199
2064127030
-447637881
950668055
987378504
29521312
1981385853
-977329757
796311310
-496398311
-1242591259
1690895293
-1078471154
919106409
-431073435
-808629254
-1315413256
-1426191720
952004993
1238205931
-1498454723
264535507
-589343486
164047773
-455989934
-1542098833
1595285309
2124140459
489985367
-220445319
516629434
904572245
1434789986
319467610
-1604348036
-501959469
401326552
-198570424
1851036368
-196640041
907515326
1379655886
953060465
-1676350917
160453256
1791226852
-647550734
638860518
1517468986
1226761736
-112239170
-1839241610
586398124
-366872913
1876576066
1807326329
894892850
1396309116
-60138822
-1726910519
1273392310
-109780255
-353623
-639786198
1599150784
1537873905
-1271715645
1736779843
347038552
-1422358690
-277228151
1371920828
-1478286724
1879510266
1078485282
-1015609699
-222041849
-143028788
1952016968
-89263315
-2141136161
918873481
-1053383650
-115465245
-774123494
643489703
-1763644003
-731271546
-887463974
1935820825
1358926432
-75763219
1313140767
-1953696796
-1321871649
-1578119133
879605699
215037759
-264030646
72701852
-1451600995
1005217869
-1574000491
-1299692851
-1834461191
-909607014
-903238485
607469745
-1367094817
-1554910395
-1299646322
1723755313
-1736309667
1521972907
-1863004242
1088666361
1251196625
1138363347
60620850
-1076729818
-108129124
358842256
-524406319
1047866390
-781991829
-1908120214
563286090
1071920134
445788605
647503
-1405175280
-139715186
-1471008531
1851402283
-2135432602
-1178333621
-1216319999
1363691421
-1890881379
1581489216
-17282234
1163343228
-1246347887
-1235279476
1631355128
-1791640443
1987842122
-1457885688
-1626591111
-2095928668
230021048
-1096686572
1681228343
-925950388
-2019199188
-488068552
1053064279
1684344701
1727008152
-927991754
-838212076
1942547733
1621001546
-455062094
-423849516
219298828
1226878823
548980976
-166917111
-696084854
-1404302985
1674691022
703807959
1271676745
2063374734
778722391
1804585506
-1834044747
1183012718
316770801
-521490597
820788034
1189802902
1835280123
-193142889
-447410982
1621663016
419077337
-339113149
-518185111
-918743975
1829421831
1651233539
355505481
-552081837
1019017160
1984701914
1244057034
255270913
-754951277
-1647486171
801901072
582758824
-1365023122
1709904266
1622080820
-547762452
936792906
-595179500
1324743911
-949657963
1436921174
-509880405
-1553700447
1925119557
-1828862971
-1448690277
1874622554
1078391267
-1367256880
-234872723
-604415448
-1616489315
-1616627131
255397741
961281544
-20734167
-219730935
876762130
-127228253
-657098663
-1909322706
1293674366
-1600983274
624804044
927137285
566648911
-1280890076
-1031533993
-285620176
-2130588417
-1380911193
-1056593872
-539261546
23014584
1629969404
967010688
1180529572
64718584
-698373989
992620492
1746173874
-450454080
-479720365
-906276513
901457664
-1706321934
1173287214
-780702311
-190295957
-1508755763
362236627
-1343413277
-13035461
1786671284
-2039802046
1851415628
1713086198
375475180
455805539
-1569338500
-438800219
347953195
280097298
-1448303287
577704842
-1164582798
-393899805
35426252
-1739615198
-1467577458
560252933
-5895326
-227095213
-854056176
2145378630
807307325
559670285
-1503015
-1051890876
-1977434080
-147736513
1798618015
1886575299
-1302318898
953972024
1507097146
-1367582060
-578004084
-1973094978
-1517786646
-939126425
-32664989
415336062
-1811425672
-1467727268
1802915606
-340161934
-1269363863
-1835282157
1636781867
127937573
-560227797
245261627
-261296750
-973075376
1109214823
-671357488
1746566166
1014099834
693341521
-1228078804
-41148101
284321462
1676915264
-708591182
-1509100395
-1057262273
-1708790570
-753825380
-1608704320
1702146221
-1787895876
-1173246307
-1592923498
-2056708386
1507015347
-1335477735
-2131522358
-347461774
66687726
-184886624
878729756
-4623251
1611479683
-31170158
1500289688
1039360175
-1446452046
-1320006397
-1428989807
-1278576887
182067578
-1943951500
-331630749
-910053325
-1873898371
1847144645
1001714671
1701078223
880757367
1571129436
1502297767
-1991730328
593651189
376098167
-1089688032
975710665
681945803
1538611692
-1393485120
479207158
-1556263459
-2141745567
1331318167
265478983
-1493217882
-937027256
110599660
294683530
-1493490111
985582707
-1985032022
1244943557
-1998217719
-1981488502
1602938047
-672356979
-406430378
720741759
2016717504
927546768
484576624
-1001922444
-1082366174
1180658855
1319831136
-299353022
1281849303
1932820923
1406324064
242151640
1062336430
1213070335
35807966
1258028655
1826571668
-525642027
1312911324
-103276843
1948045659
814673755
1164740721
-1247353645
2050527023
349980014
572510147
2016317510
1707230062
-470743107
2095578331
2044534814
-1075944387
-1749687969
1063341067
843553817
-1781706883
884334845
-323223235
101993792
231684203
223524424
-953305185
-780954481
-1588354274
-611276603
-1746109617
-2119047805
-355664786
873691709
-624671699
-267417900
1896589742
325616223
-704284039
-75269573
-807146660
1836957462
-256828626
49733440
331414825
2018591308
-27758303
2139536191
1644113599
-1712868218
-1861072361
879295733
-143486384
749373870
-180352119
655052470
1612180539
-280464988
1021967790
-942254562
1820362187
1082319033
97991793
1905708179
2073766012
-2109191896
1629909998
-1436484424
1319150894
-848246921
-520155966
-980029976
-1728754461
-1807304184
1907804119
2049269078
593963582
-1371749771
-1436057602
-2070407699
-386221872
-2005634794
910122842
-196131809
-1607657112
-449217569
1743976810
188404337
1373001598
-1473688428
-1164360365
-1335542014
1519812726
418970505
1455454512
1574433356
-216222242
356841567
850132601
1829431304
780868774
-1713683356
-1512711296
-1117737103
-1736129418
2079161775
-1835053936
-671653671
-179207510
-2085376459
-1995783774
901198107
695677847
1422337919
228989242
-1057562098
854033553
1106007738
-120440931
961929711
-1203428359
-86805504
694939294
571042503
-1072897650
-748730684
-1694922353
-1334668311
14125025
-1955105928
122537593
-446909205
-1512970619
-74118474
-1865541625
-1660873436
-939418405
354754377
-1849810677
-437468330
-392543960
1643360671
-1441090547
-1345807987
2067120171
-1450793565
-1071436794
1128091728
1446890106
-58413833
-1633788858
-727768887
837787614
1540709099
-417740945
6405021
486288536
-1078327334
-1282714207
1982324332
-398793374
-66777122
796772726
-1285674904
-1452892726
-333201217
394535767
-484827602
-1128804580
951079379
1356442349
174255220
1146700980
2014784415
-2136423155
-798598464
-1324393114
-522503020
-600645439
-2019663498
2035710947
-1047034496
172645014
1577326035
-1296308361
31975848
-1334470538
360744916
1461050189
1340157273
-1990041433
361031469
671573498
1184830153
1457548044
1936620811
1232394239
1112062934
-2115493826
699801601
28097653
1801682507
220399954
-2025002199
854965361
1874031403
-1744801972
1633615008
1904188515
1983903708
641342462
-1285781580
570066989
-1005657196
-874926067
-1094989109
1630741805
-1136126731
118269940
621319074
-65068546
-853446566
-810404408
-682268685
-1194764775
-1017193213
-1612706931
209614851
-2043208793
-320005541
287449375
-1871642097
413305101
-1938315256
769428194
274179828
521361014
1248820126
920388314
1185294433
792818953
1434434185
809644001
1674708348
671631363
-2050170383
1922796018
-2004012764
-1912003116
-1327868056
-15794463
-36033555
1871821582
-94455101
1116858954
-44275188
1026125491
1693193630
1701179151
-1862577149
-1426874344
-875388948
251530401
-823998271
886308931
1948277161
-460600790
1347866134
-880929455
-24008908
686312350
-1133525966
1166730457
-1190434602
556696687
2007177551
-937688512
75548297
1741923204
1982154397
-1904443717
-873394453
-509860465
248829929
-1538235077
-548738753
1700762401
-1915929783
2036854390
1072612431
-1550471362
-893232752
-172260402
812357449
2020363142
-1253495572
1754424569
-1998296019
-1977174842
119043938
-1596690647
-1125057622
-1702265232
1336440277
-275240850
2099291412
-1559198327
1703348774
1714844985
1735732747
-1264444484
-1162171985
-558413001
92719239
284672065
-2077059742
-337389691
-1097431757
511459021
-729099207
1774961234
-1166972249
-646428185
-577834031
-777853677
1252063678
-1641227821
1828787353
-615354275
1658391111
1674849038
-17498062
294767289
848316285
-389124838
-1309760160
1549748693
-1236691544
-528527976
-1776083340
2101533560
-1712597515
203951817
-473096756
1589229836
106709232
-709211030
-490620046
-819941192
486350602
1145015895
-234656971
-818770360
-648982185
-1896456404
559790697
-1302940242
-952278179
-435316627
838572106
1497834459
1709964642
992292910
-837177898
845974378
1197284044
-973332356
2013918838
-2011662467
-1561038927
1165165911
56170162
-600542831
1202359218
-1077615212
-1642753468
-1011822084
1477591051
-1603575671
-1841999604
1319661077
-306543766
-2027078754
-1237290133
-529430459
-956276255
741941486
-1210811537
-475924768
645962185
-430242833
1294051640