-2141745567
-2141136161
-2140701667
-2136423155
-2135432602
-2131522358
-2130588417
-2119047805
-2115493826
-2109191896
-2095928668
-2090201035
-2086837301
-2085376459
-2077059742
-2072099514
-2070407699
-2065913050
-2064862439
-2056708386
-2050170383
-2043208793
-2040811760
-2039802046
-2029590402
-2027078754
-2025002199
-2019663498
-2019199188
-2011662467
-2005634794
-2004012764
-1998296019
-1998217719
-1995783774
-1991730328
-1990041433
-1985032022
-1981488502
-1980388265
-1977434080
-1977174842
-1973094978
-1960602037
-1955432066
-1955105928
-1953696796
-1943951500
-1938315256
-1915929783
-1912003116
-1909322706
-1908120214
-1904443717
-1896456404
-1890881379
-1873898371
-1871642097
-1870650346
-1865541625
-1863004242
-1862577149
-1861072361
-1858842644
-1849810677
-1841999604
-1839241610
-1835282157
-1835053936
-1834461191
-1834044747
-1828862971
-1828357244
-1824941116
-1818107444
-1814256353
-1811425672
-1807304184
-1802576872
-1791640443
-1787895876
-1785898494
-1784990427
-1781706883
-1776083340
-1763644003
-1749687969
-1746148199
-1746109617
-1744801972
-1739615198
-1736309667
-1736129418
-1728754461
-1726910519
-1713683356
-1712868218
-1712597515
-1708790570
-1706321934
-1702265232
-1694922353
-1676350917
-1665890687
-1664289188
-1662534295
-1660873436
-1647486171
-1642753468
-1641227821
-1633788858
-1630256862
-1626591111
-1620894551
-1616627131
-1616489315
-1612706931
-1608704320
-1607657112
-1604348036
-1603575671
-1600983274
-1596690647
-1595364754
-1592923498
-1588354274
-1588079837
-1578119133
-1574105559
-1574000491
-1569338500
-1561038927
-1559198327
-1556263459
-1554910395
-1554879613
-1553700447
-1550471362
-1542098833
-1538235077
-1519870210
-1517786646
-1514338948
-1512970619
-1512711296
-1509100395
-1508755763
-1498454723
-1493490111
-1493217882
-1491579736
-1482975925
-1478286724
-1473688428
-1471008531
-1467727268
-1467577458
-1457885688
-1452892726
-1451600995
-1450793565
-1448690277
-1448303287
-1446452046
-1441090547
-1436655328
-1436484424
-1436057602
-1428989807
-1426874344
-1426191720
-1422358690
-1405175280
-1404302985
-1403151451
-1393485120
-1380911193
-1371749771
-1367582060
-1367256880
-1367094817
-1365023122
-1349156809
-1345807987
-1343413277
-1339186167
-1337667552
-1335542014
-1335477735
-1334668311
-1334470538
-1332777110
-1327868056
-1324393114
-1321871649
-1320006397
-1315413256
-1309760160
-1305360833
-1302940242
-1302318898
-1301180990
-1299692851
-1299646322
-1285781580
-1285674904
-1282714207
-1280890076
-1278576887
-1271715645
-1269363863
-1267092459
-1264444484
-1257637990
-1253495572
-1247353645
-1246347887
-1242591259
-1241611287
-1237290133
-1236691544
-1235279476
-1228078804
-1225829052
-1216319999
-1210811537
-1203428359
-1202221243
-1194764775
-1190434602
-1178333621
-1173246307
-1166972249
-1164582798
-1164360365
-1162171985
-1161441698
-1136126731
-1133525966
-1131573810
-1128804580
-1125057622
-1117737103
-1097431757
-1096686572
-1094989109
-1089688032
-1082366174
-1079657553
-1078471154
-1078327334
-1077615212
-1076729818
-1075944387
-1072897650
-1071436794
-1067762124
-1057562098
-1057262273
-1056593872
-1053383650
-1051890876
-1048465172
-1047034496
-1031533993
-1017193213
-1015609699
-1011822084
-1005657196
-1001922444
-980029976
-977329757
-973332356
-973075376
-963062567
-957053481
-956276255
-953305185
-952278179
-949657963
-942254562
-939418405
-939126425
-937688512
-937027256
-927991754
-925950388
-918743975
-910693831
-910053325
-909607014
-906276513
-903238485
-901786557
-893232752
-887463974
-880929455
-875388948
-874926067
-873394453
-854056176
-853446566
-848246921
-838212076
-837177898
-823998271
-820244663
-819941192
-819549789
-818770360
-810404408
-808629254
-807146660
-798598464
-781991829
-780954481
-780702311
-777853677
-774123494
-754951277
-753825380
-748730684
-731271546
-730004345
-729099207
-727768887
-716095412
-709211030
-708591182
-707175950
-704284039
-698373989
-697692412
-696084854
-689524260
-682268685
-673099048
-672356979
-671653671
-671357488
-657098663
-653732574
-648982185
-647550734
-646428185
-639786198
-624671699
-622369147
-615354275
-611276603
-604415537
-604415448
-600645439
-600542831
-595179500
-594619667
-592648815
-589343486
-578004084
-577834031
-560227797
-558413001
-556520270
-552081837
-548738753
-547762452
-539261546
-530546797
-529430459
-528527976
-525642027
-524406319
-522503020
-521490597
-520155966
-518185111
-517764169
-509880405
-509860465
-501959469
-496398311
-495278306
-492832626
-490620046
-488068552
-484827602
-479720365
-476962215
-475924768
-473096756
-470743107
-464509180
-460600790
-455989934
-455062094
-450454080
-449217569
-447637881
-447410982
-446909205
-438800219
-437468330
-435316627
-431073435
-430242833
-423849516
-419908996
-417740945
-406430378
-398793374
-393899805
-392543960
-389124838
-386221872
-366872913
-363366778
-362495477
-355664786
-347461774
-340161934
-339946694
-339113149
-337389691
-335761214
-333201217
-331630749
-323223235
-320005541
-317680531
-306543766
-299353022
-285620176
-280464988
-277228151
-275240850
-268147860
-267417900
-264030646
-261296750
-260178400
-256828626
-244997119
-234872723
-234656971
-231247660
-227095213
-222041849
-220445319
-219730935
-216851704
-216222242
-199233692
-198570424
-197140891
-196640041
-196131809
-193142889
-190295957
-184886624
-180352119
-179207510
-175548352
-172260402
-166917111
-155038294
-143486384
-143028788
-139715186
-132016529
-129630836
-127228253
-120440931
-118151116
-117409863
-115465245
-113295820
-112239170
-111116719
-109780255
-108129124
-103276843
-94455101
-92487009
-89263315
-86805504
-75763219
-75269573
-74118474
-66777122
-65068546
-60138822
-58413833
-44275188
-41148101
-40391846
-36033555
-32664989
-31170158
-27758303
-24008908
-20734167
-17498062
-17282234
-15794463
-14773651
-13035461
-5895326
-5026766
-4623251
-1503015
-353623
1
3
15
647503
3566582
6405021
8843583
13070338
14125025
17986180
21531450
23014584
28097653
29521312
31975848
35426252
35807966
49733440
56170162
60620850
64718584
66687726
72701852
75548297
92719239
96538519
97991793
101993792
106709232
108580643
110599660
118269940
119043938
122537593
127937573
151848727
160453256
164047773
172645014
174255220
182067578
188404337
202569066
203951817
209614851
215037759
219298828
220399954
223493173
223524424
228989242
230021048
231684203
242151640
245261627
248829929
251530401
255270913
255397741
263669789
264535507
265478983
274179828
280097298
284321462
284672065
287449375
294683530
294767289
316770801
319467610
322212144
325616223
331414825
347038552
347369380
347953195
349980014
354754377
355161686
355505481
356841567
358842256
360744916
361031469
362236627
375475180
376098167
393378240
394535767
395698647
396182405
401326552
404813226
413305101
415336062
418970505
419077337
431222032
445788605
455805539
478719784
479207158
481705635
484576624
486288536
486350602
489985367
505512287
511295212
511459021
516629434
521361014
548980976
549020094
556696687
559670285
559790697
560252933
563286090
566648911
570066989
571042503
572510147
577704842
582758824
585506493
586398124
593651189
593963582
607469745
621319074
624804044
638860518
641342462
643489703
645962185
655052470
657808153
664622087
665446648
671573498
671631363
672060261
674136225
675509624
676340238
681945803
686312350
693341521
694939294
695677847
699539644
699801601
703807959
706008206
707152717
717758270
720741759
741941486
747617652
749373870
752831623
769428194
778722391
780868774
785261541
792818953
796311310
796772726
801901072
807307325
809644001
812357449
814673755
820788034
835277356
837787614
838572106
843553817
845974378
848316285
850132601
851972870
854033553
854965361
873691709
876762130
878729756
879295733
879605699
880757367
884334845
886308931
894892850
901198107
901457664
904572245
907515326
910122842
913303174
918873481
919106409
920388314
927137285
927546768
929202437
930558101
936792906
948124946
950668055
951079379
952004993
953060465
953972024
961281544
961929711
964840488
967010688
975710665
985582707
987378504
992292910
992620492
1001714671
1005217869
1014099834
1019017160
1021967790
1026125491
1028112725
1035780087
1039360175
1047866390
1048999439
1053064279
1062336430
1063341067
1071920134
1072612431
1078391267
1078485282
1082319033
1082334059
1088666361
1100517308
1106007738
1109214823
1112062934
1116858954
1128091728
1130528489
1138363347
1145015895
1146700980
1151004521
1156211169
1163343228
1164740721
1165093322
1165165911
1166730457
1173287214
1180529572
1180658855
1183012718
1184830153
1185294433
1189802902
1197284044
1202359218
1208179971
1213070335
1226761736
1226878823
1232394239
1235172840
1238205931
1244057034
1244943557
1248820126
1251196625
1252063678
1254428708
1258028655
1271676745
1273392310
1281849303
1282928212
1290196075
1293674366
1294051640
1309780073
1312911324
1313140767
1319150894
1319661077
1319831136
1324743911
1331318167
1336440277
1336924104
1340157273
1347866134
1351909364
1356442349
1358926432
1363691421
1366657328
1371920828
1373001598
1379655886
1392782085
1396309116
1406324064
1419681870
1422337919
1433669972
1434434185
1434789986
1436921174
1446890106
1449603623
1455454512
1457548044
1461050189
1475607264
1477591051
1483897416
1497834459
1500289688
1501076645
1502297767
1507015347
1507097146
1517468986
1518866211
1519812726
1521972907
1524649843
1529303145
1531565276
1537873905
1538611692
1540709099
1549534898
1549748693
1567462091
1571129436
1574433356
1576988611
1577326035
1581489216
1589229836
1595285309
1597748342
1599150784
1601119656
1602938047
1611479683
1612180539
1621001546
1621663016
1622080820
1629170254
1629909998
1629969404
1630741805
1631355128
1631803188
1633615008
1636781867
1643360671
1644113599
1651233539
1658391111
1660692717
1672245594
1674691022
1674708348
1674849038
1676915264
1681228343
1683543678
1684344701
1690895293
1693193630
1694455856
1698219307
1700762401
1701078223
1701179151
1702146221
1703348774
1707230062
1709904266
1709964642
1713086198
1714844985
1723755313
1727008152
1735732747
1736779843
1741923204
1743976810
1746173874
1746566166
1754058037
1754424569
1774961234
1778002832
1779023813
1786671284
1791226852
1801682507
1802915606
1804585506
1807326329
1820362187
1826571668
1828787353
1829421831
1829431304
1835280123
1836957462
1847144645
1851036368
1851402283
1851415628
1871821582
1874031403
1874622554
1876576066
1879510266
1882829887
1886575299
1889345840
1893138496
1896589742
1901045815
1904188515
1905708179
1907804119
1922796018
1925119557
1932820923
1934998883
1935820825
1936620811
1942547733
1948045659
1948277161
1952016968
1973808842
1981385853
1982154397
1982324332
1983903708
1984701914
1987571751
1987842122
1991531443
2002159632
2007177551
2013918838
2014784415
2016317510
2016717504
2018591308
2020363142
2035710947
2036854390
2044534814
2049269078
2050527023
2057549018
2060757769
2063374734
2064127030
2067120171
2073766012
2079161775
2079491149
2095578331
2099291412
2101533560
2107944898
2124140459
2125426951
2139536191
2140773353
2145378630
